X_train_full shape = (60000, 28, 28)
y_train_full shape = (60000,)
X_test shape = (10000, 28, 28)
y_test shape = (10000,)
X_valid shape = (5000, 28, 28)
y_valid shape = (5000,)
X_train shape = (55000, 28, 28)
y_train shape = (55000,)
   -------------------------------------------------
classification report with sgd
              precision    recall  f1-score   support

           0       0.81      0.86      0.83      1000
           1       0.99      0.97      0.98      1000
           2       0.80      0.82      0.81      1000
           3       0.88      0.90      0.89      1000
           4       0.83      0.78      0.81      1000
           5       0.97      0.96      0.96      1000
           6       0.71      0.69      0.70      1000
           7       0.92      0.96      0.94      1000
           8       0.96      0.97      0.96      1000
           9       0.97      0.94      0.96      1000

    accuracy                           0.89     10000
   macro avg       0.89      0.89      0.88     10000
weighted avg       0.89      0.89      0.88     10000

   -------------------------------------------------
classification report with momentum
              precision    recall  f1-score   support

           0       0.83      0.87      0.85      1000
           1       0.99      0.98      0.99      1000
           2       0.83      0.80      0.82      1000
           3       0.90      0.91      0.90      1000
           4       0.84      0.79      0.81      1000
           5       0.99      0.95      0.97      1000
           6       0.70      0.74      0.72      1000
           7       0.93      0.99      0.96      1000
           8       0.98      0.97      0.97      1000
           9       0.97      0.96      0.96      1000

    accuracy                           0.89     10000
   macro avg       0.90      0.89      0.90     10000
weighted avg       0.90      0.89      0.90     10000

   -------------------------------------------------
classification report with rmsp optimizer
              precision    recall  f1-score   support

           0       0.86      0.76      0.81      1000
           1       0.99      0.96      0.98      1000
           2       0.90      0.64      0.75      1000
           3       0.86      0.91      0.88      1000
           4       0.72      0.90      0.80      1000
           5       0.98      0.95      0.97      1000
           6       0.64      0.73      0.68      1000
           7       0.95      0.95      0.95      1000
           8       0.98      0.95      0.97      1000
           9       0.94      0.97      0.96      1000

    accuracy                           0.87     10000
   macro avg       0.88      0.87      0.87     10000
weighted avg       0.88      0.87      0.87     10000

   -------------------------------------------------
classification report with adam
              precision    recall  f1-score   support

           0       0.87      0.81      0.84      1000
           1       0.98      0.98      0.98      1000
           2       0.77      0.85      0.81      1000
           3       0.87      0.92      0.89      1000
           4       0.82      0.78      0.80      1000
           5       0.98      0.97      0.97      1000
           6       0.72      0.69      0.71      1000
           7       0.93      0.98      0.96      1000
           8       0.98      0.97      0.97      1000
           9       0.97      0.94      0.96      1000

    accuracy                           0.89     10000
   macro avg       0.89      0.89      0.89     10000
weighted avg       0.89      0.89      0.89     10000

